1 1 2 6 3 1 4 7 7 1
5 6 4 9 4 5 7 8 13 6
6 8 8 15 6 6 16 10 14 8
10 13 12 18 8 10 20 14 18 10
11 19 14 24 10 13 21 15 25 13
13 21 23 26 13 14 37 16 30 14
14 22 25 30 16 20 46 26 41 16
21 23 28 34 21 21 62 28 43 21
24 24 43 41 22 23 63 30 46 24
26 25 48 43 24 28 66 43 48 37
27 26 54 48 26 29 68 46 53 43
28 28 58 50 28 41 73 49 56 44
32 33 59 59 29 42 74 56 62 49
41 39 63 62 30 43 76 57 64 55
45 40 68 73 32 56 79 59 66 56
49 44 70 76 40 59 86 64 72 57
53 49 71 79 44 60 92 65 77 60
57 53 77 85 46 76 94 66 83 64
58 54 79 86 49 81 99 67 91 65
59 56 80 95 56 85 100 68 92 69
62 59 94 102 57 90 104 73 95 71
63 62 96 105 62 92 117 79 99 73
64 66 97 106 82 97 126 81 102 82
65 69 99 112 83 102 127 84 108 85
69 76 101 113 109 117 129 87 115 99
72 86 102 116 113 121 130 95 117 117
73 90 103 120 116 125 141 97 121 128
74 94 108 127 121 128 142 99 142 130
75 99 115 130 126 138 163 104 144 136
76 105 117 131 127 148 165 109 150 145
77 107 123 134 128 152 166 116 162 153
79 109 124 139 133 161 168 145 164 160
90 117 125 144 135 163 174 148 165 161
94 126 128 145 155 178 176 151 169 163
96 129 130 152 173 184 178 160 178 174
99 133 137 154 176 188 181 168 184 175
104 134 141 155 177 194 186 181 188 177
108 135 144 158 178 201 191 188 194 180
109 140 145 159 183 207 193 194 195 188
113 141 150 161 189 226 197 198 197 189
114 145 154 163 190 228 206 200 203 193
119 147 158 173 197 232 214 203 207 194
131 159 160 178 199 233 220 214 211 200
136 165 162 181 200 234 222 216 230 201
138 166 176 184 203 237 228 217 231 208
145 168 200 191 206 239 234 222 232 214
150 176 201 194 207 246 239 226 238 226
151 178 203 196 213 249 240 227 244 232
158 179 209 197 214 253 251 230 245 233
168 181 210 199 223 254 255 234 248 239
176 184 213 200 224 255 257 235 251 250
177 192 214 202 234 259 258 244 256 264
182 193 227 204 241 262 270 250 265 271
184 195 230 211 244 268 272 252 268 276
186 197 234 212 246 269 274 256 270 286
189 198 245 216 248 270 276 265 274 287
193 199 247 220 250 275 280 267 276 291
195 200 251 223 253 278 282 268 277 292
198 204 253 227 256 287 283 269 280 293
201 205 254 229 261 290 285 280 291 296
207 206 257 233 263 295 286 286 293 297
213 207 262 236 264 296 292 289 298 299
218 209 267 239 267 297 293 291 299 301
221 215 269 243 271 298 294 294 303 305
235 217 271 254 274 301 303 295 308 313
237 221 274 270 276 305 304 297 310 321
239 223 279 277 278 308 314 301 311 323
244 224 280 280 282 311 327 305 325 338
246 226 283 284 287 312 329 314 329 342
248 229 286 296 291 313 332 320 330 347
249 238 288 297 299 315 335 323 332 366
251 244 290 298 303 316 339 328 339 367
252 251 297 299 320 325 341 331 340 370
257 254 299 303 327 326 342 332 344 377
269 255 305 318 328 328 344 334 352 385
280 257 311 323 338 329 347 347 360 387
286 262 316 325 341 332 348 352 369 388
292 265 318 330 346 333 349 357 380 391
299 268 320 339 347 339 362 365 385 397
300 270 321 344 348 345 363 366 390 405
305 271 322 347 357 347 364 374 394 416
306 275 326 350 362 371 367 386 398 425
307 281 327 351 379 376 368 397 406
308 282 330 353 387 379 377 402 409
312 284 368 361 393 382 378 413 452
313 286 378 372 401 389 387
315 296 379 378 404 392 409
320 302 381 385 414 417
321 305 386 391 416 441
323 307 393 392 449 451
325 310 398 410 454
328 311 401 431
329 324 406 447
331 327 407
334 329 409
338 332 432
342 339 433
343 357 438
345 362 442
348 365
361 367
367 378
373 392
377 403
378 408
381 422
389 423
390
393
401
414
445
448